{
 "cells": [
  {
   "cell_type": "code",
   "execution_count": 30,
   "metadata": {},
   "outputs": [],
   "source": [
    "import numpy as np\n",
    "import pandas as pd\n",
    "import seaborn as sns\n",
    "from sklearn import preprocessing\n",
    "import matplotlib.pyplot as plt"
   ]
  },
  {
   "cell_type": "code",
   "execution_count": 22,
   "metadata": {},
   "outputs": [],
   "source": [
    "wine=pd.read_csv(\"winequality-red.csv\")"
   ]
  },
  {
   "cell_type": "code",
   "execution_count": 23,
   "metadata": {},
   "outputs": [
    {
     "data": {
      "text/html": [
       "<div>\n",
       "<style scoped>\n",
       "    .dataframe tbody tr th:only-of-type {\n",
       "        vertical-align: middle;\n",
       "    }\n",
       "\n",
       "    .dataframe tbody tr th {\n",
       "        vertical-align: top;\n",
       "    }\n",
       "\n",
       "    .dataframe thead th {\n",
       "        text-align: right;\n",
       "    }\n",
       "</style>\n",
       "<table border=\"1\" class=\"dataframe\">\n",
       "  <thead>\n",
       "    <tr style=\"text-align: right;\">\n",
       "      <th></th>\n",
       "      <th>fixedacidity</th>\n",
       "      <th>volatileacidity</th>\n",
       "      <th>citricacid</th>\n",
       "      <th>residualsugar</th>\n",
       "      <th>chlorides</th>\n",
       "      <th>freesulfurdioxide</th>\n",
       "      <th>totalsulfurdioxide</th>\n",
       "      <th>density</th>\n",
       "      <th>pH</th>\n",
       "      <th>sulphates</th>\n",
       "      <th>alcohol</th>\n",
       "      <th>quality</th>\n",
       "    </tr>\n",
       "  </thead>\n",
       "  <tbody>\n",
       "    <tr>\n",
       "      <th>0</th>\n",
       "      <td>7.4</td>\n",
       "      <td>0.70</td>\n",
       "      <td>0.00</td>\n",
       "      <td>1.9</td>\n",
       "      <td>0.076</td>\n",
       "      <td>11.0</td>\n",
       "      <td>34.0</td>\n",
       "      <td>0.9978</td>\n",
       "      <td>3.51</td>\n",
       "      <td>0.56</td>\n",
       "      <td>9.4</td>\n",
       "      <td>5</td>\n",
       "    </tr>\n",
       "    <tr>\n",
       "      <th>1</th>\n",
       "      <td>7.8</td>\n",
       "      <td>0.88</td>\n",
       "      <td>0.00</td>\n",
       "      <td>2.6</td>\n",
       "      <td>0.098</td>\n",
       "      <td>25.0</td>\n",
       "      <td>67.0</td>\n",
       "      <td>0.9968</td>\n",
       "      <td>3.20</td>\n",
       "      <td>0.68</td>\n",
       "      <td>9.8</td>\n",
       "      <td>5</td>\n",
       "    </tr>\n",
       "    <tr>\n",
       "      <th>2</th>\n",
       "      <td>7.8</td>\n",
       "      <td>0.76</td>\n",
       "      <td>0.04</td>\n",
       "      <td>2.3</td>\n",
       "      <td>0.092</td>\n",
       "      <td>15.0</td>\n",
       "      <td>54.0</td>\n",
       "      <td>0.9970</td>\n",
       "      <td>3.26</td>\n",
       "      <td>0.65</td>\n",
       "      <td>9.8</td>\n",
       "      <td>5</td>\n",
       "    </tr>\n",
       "    <tr>\n",
       "      <th>3</th>\n",
       "      <td>11.2</td>\n",
       "      <td>0.28</td>\n",
       "      <td>0.56</td>\n",
       "      <td>1.9</td>\n",
       "      <td>0.075</td>\n",
       "      <td>17.0</td>\n",
       "      <td>60.0</td>\n",
       "      <td>0.9980</td>\n",
       "      <td>3.16</td>\n",
       "      <td>0.58</td>\n",
       "      <td>9.8</td>\n",
       "      <td>6</td>\n",
       "    </tr>\n",
       "    <tr>\n",
       "      <th>4</th>\n",
       "      <td>7.4</td>\n",
       "      <td>0.70</td>\n",
       "      <td>0.00</td>\n",
       "      <td>1.9</td>\n",
       "      <td>0.076</td>\n",
       "      <td>11.0</td>\n",
       "      <td>34.0</td>\n",
       "      <td>0.9978</td>\n",
       "      <td>3.51</td>\n",
       "      <td>0.56</td>\n",
       "      <td>9.4</td>\n",
       "      <td>5</td>\n",
       "    </tr>\n",
       "  </tbody>\n",
       "</table>\n",
       "</div>"
      ],
      "text/plain": [
       "   fixedacidity  volatileacidity  citricacid  residualsugar  chlorides  \\\n",
       "0           7.4             0.70        0.00            1.9      0.076   \n",
       "1           7.8             0.88        0.00            2.6      0.098   \n",
       "2           7.8             0.76        0.04            2.3      0.092   \n",
       "3          11.2             0.28        0.56            1.9      0.075   \n",
       "4           7.4             0.70        0.00            1.9      0.076   \n",
       "\n",
       "   freesulfurdioxide  totalsulfurdioxide  density    pH  sulphates  alcohol  \\\n",
       "0               11.0                34.0   0.9978  3.51       0.56      9.4   \n",
       "1               25.0                67.0   0.9968  3.20       0.68      9.8   \n",
       "2               15.0                54.0   0.9970  3.26       0.65      9.8   \n",
       "3               17.0                60.0   0.9980  3.16       0.58      9.8   \n",
       "4               11.0                34.0   0.9978  3.51       0.56      9.4   \n",
       "\n",
       "   quality  \n",
       "0        5  \n",
       "1        5  \n",
       "2        5  \n",
       "3        6  \n",
       "4        5  "
      ]
     },
     "execution_count": 23,
     "metadata": {},
     "output_type": "execute_result"
    }
   ],
   "source": [
    "wine.head()"
   ]
  },
  {
   "cell_type": "code",
   "execution_count": 24,
   "metadata": {},
   "outputs": [
    {
     "data": {
      "text/plain": [
       "Index(['fixedacidity', 'volatileacidity', 'citricacid', 'residualsugar',\n",
       "       'chlorides', 'freesulfurdioxide', 'totalsulfurdioxide', 'density', 'pH',\n",
       "       'sulphates', 'alcohol', 'quality'],\n",
       "      dtype='object')"
      ]
     },
     "execution_count": 24,
     "metadata": {},
     "output_type": "execute_result"
    }
   ],
   "source": [
    "wine.columns"
   ]
  },
  {
   "cell_type": "code",
   "execution_count": 25,
   "metadata": {},
   "outputs": [
    {
     "data": {
      "text/plain": [
       "fixedacidity          float64\n",
       "volatileacidity       float64\n",
       "citricacid            float64\n",
       "residualsugar         float64\n",
       "chlorides             float64\n",
       "freesulfurdioxide     float64\n",
       "totalsulfurdioxide    float64\n",
       "density               float64\n",
       "pH                    float64\n",
       "sulphates             float64\n",
       "alcohol               float64\n",
       "quality                 int64\n",
       "dtype: object"
      ]
     },
     "execution_count": 25,
     "metadata": {},
     "output_type": "execute_result"
    }
   ],
   "source": [
    "wine.dtypes"
   ]
  },
  {
   "cell_type": "code",
   "execution_count": 26,
   "metadata": {},
   "outputs": [
    {
     "data": {
      "text/html": [
       "<div>\n",
       "<style scoped>\n",
       "    .dataframe tbody tr th:only-of-type {\n",
       "        vertical-align: middle;\n",
       "    }\n",
       "\n",
       "    .dataframe tbody tr th {\n",
       "        vertical-align: top;\n",
       "    }\n",
       "\n",
       "    .dataframe thead th {\n",
       "        text-align: right;\n",
       "    }\n",
       "</style>\n",
       "<table border=\"1\" class=\"dataframe\">\n",
       "  <thead>\n",
       "    <tr style=\"text-align: right;\">\n",
       "      <th></th>\n",
       "      <th>fixedacidity</th>\n",
       "      <th>volatileacidity</th>\n",
       "      <th>citricacid</th>\n",
       "      <th>residualsugar</th>\n",
       "      <th>chlorides</th>\n",
       "      <th>freesulfurdioxide</th>\n",
       "      <th>totalsulfurdioxide</th>\n",
       "      <th>density</th>\n",
       "      <th>pH</th>\n",
       "      <th>sulphates</th>\n",
       "      <th>alcohol</th>\n",
       "      <th>quality</th>\n",
       "    </tr>\n",
       "  </thead>\n",
       "  <tbody>\n",
       "    <tr>\n",
       "      <th>count</th>\n",
       "      <td>1599.000000</td>\n",
       "      <td>1599.000000</td>\n",
       "      <td>1599.000000</td>\n",
       "      <td>1599.000000</td>\n",
       "      <td>1599.000000</td>\n",
       "      <td>1599.000000</td>\n",
       "      <td>1599.000000</td>\n",
       "      <td>1599.000000</td>\n",
       "      <td>1599.000000</td>\n",
       "      <td>1599.000000</td>\n",
       "      <td>1599.000000</td>\n",
       "      <td>1599.000000</td>\n",
       "    </tr>\n",
       "    <tr>\n",
       "      <th>mean</th>\n",
       "      <td>8.319637</td>\n",
       "      <td>0.527821</td>\n",
       "      <td>0.270976</td>\n",
       "      <td>2.538806</td>\n",
       "      <td>0.087467</td>\n",
       "      <td>15.874922</td>\n",
       "      <td>46.467792</td>\n",
       "      <td>0.996747</td>\n",
       "      <td>3.311113</td>\n",
       "      <td>0.658149</td>\n",
       "      <td>10.422983</td>\n",
       "      <td>5.636023</td>\n",
       "    </tr>\n",
       "    <tr>\n",
       "      <th>std</th>\n",
       "      <td>1.741096</td>\n",
       "      <td>0.179060</td>\n",
       "      <td>0.194801</td>\n",
       "      <td>1.409928</td>\n",
       "      <td>0.047065</td>\n",
       "      <td>10.460157</td>\n",
       "      <td>32.895324</td>\n",
       "      <td>0.001887</td>\n",
       "      <td>0.154386</td>\n",
       "      <td>0.169507</td>\n",
       "      <td>1.065668</td>\n",
       "      <td>0.807569</td>\n",
       "    </tr>\n",
       "    <tr>\n",
       "      <th>min</th>\n",
       "      <td>4.600000</td>\n",
       "      <td>0.120000</td>\n",
       "      <td>0.000000</td>\n",
       "      <td>0.900000</td>\n",
       "      <td>0.012000</td>\n",
       "      <td>1.000000</td>\n",
       "      <td>6.000000</td>\n",
       "      <td>0.990070</td>\n",
       "      <td>2.740000</td>\n",
       "      <td>0.330000</td>\n",
       "      <td>8.400000</td>\n",
       "      <td>3.000000</td>\n",
       "    </tr>\n",
       "    <tr>\n",
       "      <th>25%</th>\n",
       "      <td>7.100000</td>\n",
       "      <td>0.390000</td>\n",
       "      <td>0.090000</td>\n",
       "      <td>1.900000</td>\n",
       "      <td>0.070000</td>\n",
       "      <td>7.000000</td>\n",
       "      <td>22.000000</td>\n",
       "      <td>0.995600</td>\n",
       "      <td>3.210000</td>\n",
       "      <td>0.550000</td>\n",
       "      <td>9.500000</td>\n",
       "      <td>5.000000</td>\n",
       "    </tr>\n",
       "    <tr>\n",
       "      <th>50%</th>\n",
       "      <td>7.900000</td>\n",
       "      <td>0.520000</td>\n",
       "      <td>0.260000</td>\n",
       "      <td>2.200000</td>\n",
       "      <td>0.079000</td>\n",
       "      <td>14.000000</td>\n",
       "      <td>38.000000</td>\n",
       "      <td>0.996750</td>\n",
       "      <td>3.310000</td>\n",
       "      <td>0.620000</td>\n",
       "      <td>10.200000</td>\n",
       "      <td>6.000000</td>\n",
       "    </tr>\n",
       "    <tr>\n",
       "      <th>75%</th>\n",
       "      <td>9.200000</td>\n",
       "      <td>0.640000</td>\n",
       "      <td>0.420000</td>\n",
       "      <td>2.600000</td>\n",
       "      <td>0.090000</td>\n",
       "      <td>21.000000</td>\n",
       "      <td>62.000000</td>\n",
       "      <td>0.997835</td>\n",
       "      <td>3.400000</td>\n",
       "      <td>0.730000</td>\n",
       "      <td>11.100000</td>\n",
       "      <td>6.000000</td>\n",
       "    </tr>\n",
       "    <tr>\n",
       "      <th>max</th>\n",
       "      <td>15.900000</td>\n",
       "      <td>1.580000</td>\n",
       "      <td>1.000000</td>\n",
       "      <td>15.500000</td>\n",
       "      <td>0.611000</td>\n",
       "      <td>72.000000</td>\n",
       "      <td>289.000000</td>\n",
       "      <td>1.003690</td>\n",
       "      <td>4.010000</td>\n",
       "      <td>2.000000</td>\n",
       "      <td>14.900000</td>\n",
       "      <td>8.000000</td>\n",
       "    </tr>\n",
       "  </tbody>\n",
       "</table>\n",
       "</div>"
      ],
      "text/plain": [
       "       fixedacidity  volatileacidity   citricacid  residualsugar    chlorides  \\\n",
       "count   1599.000000      1599.000000  1599.000000    1599.000000  1599.000000   \n",
       "mean       8.319637         0.527821     0.270976       2.538806     0.087467   \n",
       "std        1.741096         0.179060     0.194801       1.409928     0.047065   \n",
       "min        4.600000         0.120000     0.000000       0.900000     0.012000   \n",
       "25%        7.100000         0.390000     0.090000       1.900000     0.070000   \n",
       "50%        7.900000         0.520000     0.260000       2.200000     0.079000   \n",
       "75%        9.200000         0.640000     0.420000       2.600000     0.090000   \n",
       "max       15.900000         1.580000     1.000000      15.500000     0.611000   \n",
       "\n",
       "       freesulfurdioxide  totalsulfurdioxide      density           pH  \\\n",
       "count        1599.000000         1599.000000  1599.000000  1599.000000   \n",
       "mean           15.874922           46.467792     0.996747     3.311113   \n",
       "std            10.460157           32.895324     0.001887     0.154386   \n",
       "min             1.000000            6.000000     0.990070     2.740000   \n",
       "25%             7.000000           22.000000     0.995600     3.210000   \n",
       "50%            14.000000           38.000000     0.996750     3.310000   \n",
       "75%            21.000000           62.000000     0.997835     3.400000   \n",
       "max            72.000000          289.000000     1.003690     4.010000   \n",
       "\n",
       "         sulphates      alcohol      quality  \n",
       "count  1599.000000  1599.000000  1599.000000  \n",
       "mean      0.658149    10.422983     5.636023  \n",
       "std       0.169507     1.065668     0.807569  \n",
       "min       0.330000     8.400000     3.000000  \n",
       "25%       0.550000     9.500000     5.000000  \n",
       "50%       0.620000    10.200000     6.000000  \n",
       "75%       0.730000    11.100000     6.000000  \n",
       "max       2.000000    14.900000     8.000000  "
      ]
     },
     "execution_count": 26,
     "metadata": {},
     "output_type": "execute_result"
    }
   ],
   "source": [
    "wine.describe()"
   ]
  },
  {
   "cell_type": "code",
   "execution_count": 27,
   "metadata": {},
   "outputs": [
    {
     "data": {
      "text/html": [
       "<div>\n",
       "<style scoped>\n",
       "    .dataframe tbody tr th:only-of-type {\n",
       "        vertical-align: middle;\n",
       "    }\n",
       "\n",
       "    .dataframe tbody tr th {\n",
       "        vertical-align: top;\n",
       "    }\n",
       "\n",
       "    .dataframe thead th {\n",
       "        text-align: right;\n",
       "    }\n",
       "</style>\n",
       "<table border=\"1\" class=\"dataframe\">\n",
       "  <thead>\n",
       "    <tr style=\"text-align: right;\">\n",
       "      <th></th>\n",
       "      <th>fixedacidity</th>\n",
       "      <th>volatileacidity</th>\n",
       "      <th>citricacid</th>\n",
       "      <th>residualsugar</th>\n",
       "      <th>chlorides</th>\n",
       "      <th>freesulfurdioxide</th>\n",
       "      <th>totalsulfurdioxide</th>\n",
       "      <th>density</th>\n",
       "      <th>pH</th>\n",
       "      <th>sulphates</th>\n",
       "      <th>alcohol</th>\n",
       "      <th>quality</th>\n",
       "    </tr>\n",
       "  </thead>\n",
       "  <tbody>\n",
       "    <tr>\n",
       "      <th>fixedacidity</th>\n",
       "      <td>1.000000</td>\n",
       "      <td>-0.256131</td>\n",
       "      <td>0.671703</td>\n",
       "      <td>0.114777</td>\n",
       "      <td>0.093705</td>\n",
       "      <td>-0.153794</td>\n",
       "      <td>-0.113181</td>\n",
       "      <td>0.668047</td>\n",
       "      <td>-0.682978</td>\n",
       "      <td>0.183006</td>\n",
       "      <td>-0.061668</td>\n",
       "      <td>0.124052</td>\n",
       "    </tr>\n",
       "    <tr>\n",
       "      <th>volatileacidity</th>\n",
       "      <td>-0.256131</td>\n",
       "      <td>1.000000</td>\n",
       "      <td>-0.552496</td>\n",
       "      <td>0.001918</td>\n",
       "      <td>0.061298</td>\n",
       "      <td>-0.010504</td>\n",
       "      <td>0.076470</td>\n",
       "      <td>0.022026</td>\n",
       "      <td>0.234937</td>\n",
       "      <td>-0.260987</td>\n",
       "      <td>-0.202288</td>\n",
       "      <td>-0.390558</td>\n",
       "    </tr>\n",
       "    <tr>\n",
       "      <th>citricacid</th>\n",
       "      <td>0.671703</td>\n",
       "      <td>-0.552496</td>\n",
       "      <td>1.000000</td>\n",
       "      <td>0.143577</td>\n",
       "      <td>0.203823</td>\n",
       "      <td>-0.060978</td>\n",
       "      <td>0.035533</td>\n",
       "      <td>0.364947</td>\n",
       "      <td>-0.541904</td>\n",
       "      <td>0.312770</td>\n",
       "      <td>0.109903</td>\n",
       "      <td>0.226373</td>\n",
       "    </tr>\n",
       "    <tr>\n",
       "      <th>residualsugar</th>\n",
       "      <td>0.114777</td>\n",
       "      <td>0.001918</td>\n",
       "      <td>0.143577</td>\n",
       "      <td>1.000000</td>\n",
       "      <td>0.055610</td>\n",
       "      <td>0.187049</td>\n",
       "      <td>0.203028</td>\n",
       "      <td>0.355283</td>\n",
       "      <td>-0.085652</td>\n",
       "      <td>0.005527</td>\n",
       "      <td>0.042075</td>\n",
       "      <td>0.013732</td>\n",
       "    </tr>\n",
       "    <tr>\n",
       "      <th>chlorides</th>\n",
       "      <td>0.093705</td>\n",
       "      <td>0.061298</td>\n",
       "      <td>0.203823</td>\n",
       "      <td>0.055610</td>\n",
       "      <td>1.000000</td>\n",
       "      <td>0.005562</td>\n",
       "      <td>0.047400</td>\n",
       "      <td>0.200632</td>\n",
       "      <td>-0.265026</td>\n",
       "      <td>0.371260</td>\n",
       "      <td>-0.221141</td>\n",
       "      <td>-0.128907</td>\n",
       "    </tr>\n",
       "    <tr>\n",
       "      <th>freesulfurdioxide</th>\n",
       "      <td>-0.153794</td>\n",
       "      <td>-0.010504</td>\n",
       "      <td>-0.060978</td>\n",
       "      <td>0.187049</td>\n",
       "      <td>0.005562</td>\n",
       "      <td>1.000000</td>\n",
       "      <td>0.667666</td>\n",
       "      <td>-0.021946</td>\n",
       "      <td>0.070377</td>\n",
       "      <td>0.051658</td>\n",
       "      <td>-0.069408</td>\n",
       "      <td>-0.050656</td>\n",
       "    </tr>\n",
       "    <tr>\n",
       "      <th>totalsulfurdioxide</th>\n",
       "      <td>-0.113181</td>\n",
       "      <td>0.076470</td>\n",
       "      <td>0.035533</td>\n",
       "      <td>0.203028</td>\n",
       "      <td>0.047400</td>\n",
       "      <td>0.667666</td>\n",
       "      <td>1.000000</td>\n",
       "      <td>0.071269</td>\n",
       "      <td>-0.066495</td>\n",
       "      <td>0.042947</td>\n",
       "      <td>-0.205654</td>\n",
       "      <td>-0.185100</td>\n",
       "    </tr>\n",
       "    <tr>\n",
       "      <th>density</th>\n",
       "      <td>0.668047</td>\n",
       "      <td>0.022026</td>\n",
       "      <td>0.364947</td>\n",
       "      <td>0.355283</td>\n",
       "      <td>0.200632</td>\n",
       "      <td>-0.021946</td>\n",
       "      <td>0.071269</td>\n",
       "      <td>1.000000</td>\n",
       "      <td>-0.341699</td>\n",
       "      <td>0.148506</td>\n",
       "      <td>-0.496180</td>\n",
       "      <td>-0.174919</td>\n",
       "    </tr>\n",
       "    <tr>\n",
       "      <th>pH</th>\n",
       "      <td>-0.682978</td>\n",
       "      <td>0.234937</td>\n",
       "      <td>-0.541904</td>\n",
       "      <td>-0.085652</td>\n",
       "      <td>-0.265026</td>\n",
       "      <td>0.070377</td>\n",
       "      <td>-0.066495</td>\n",
       "      <td>-0.341699</td>\n",
       "      <td>1.000000</td>\n",
       "      <td>-0.196648</td>\n",
       "      <td>0.205633</td>\n",
       "      <td>-0.057731</td>\n",
       "    </tr>\n",
       "    <tr>\n",
       "      <th>sulphates</th>\n",
       "      <td>0.183006</td>\n",
       "      <td>-0.260987</td>\n",
       "      <td>0.312770</td>\n",
       "      <td>0.005527</td>\n",
       "      <td>0.371260</td>\n",
       "      <td>0.051658</td>\n",
       "      <td>0.042947</td>\n",
       "      <td>0.148506</td>\n",
       "      <td>-0.196648</td>\n",
       "      <td>1.000000</td>\n",
       "      <td>0.093595</td>\n",
       "      <td>0.251397</td>\n",
       "    </tr>\n",
       "    <tr>\n",
       "      <th>alcohol</th>\n",
       "      <td>-0.061668</td>\n",
       "      <td>-0.202288</td>\n",
       "      <td>0.109903</td>\n",
       "      <td>0.042075</td>\n",
       "      <td>-0.221141</td>\n",
       "      <td>-0.069408</td>\n",
       "      <td>-0.205654</td>\n",
       "      <td>-0.496180</td>\n",
       "      <td>0.205633</td>\n",
       "      <td>0.093595</td>\n",
       "      <td>1.000000</td>\n",
       "      <td>0.476166</td>\n",
       "    </tr>\n",
       "    <tr>\n",
       "      <th>quality</th>\n",
       "      <td>0.124052</td>\n",
       "      <td>-0.390558</td>\n",
       "      <td>0.226373</td>\n",
       "      <td>0.013732</td>\n",
       "      <td>-0.128907</td>\n",
       "      <td>-0.050656</td>\n",
       "      <td>-0.185100</td>\n",
       "      <td>-0.174919</td>\n",
       "      <td>-0.057731</td>\n",
       "      <td>0.251397</td>\n",
       "      <td>0.476166</td>\n",
       "      <td>1.000000</td>\n",
       "    </tr>\n",
       "  </tbody>\n",
       "</table>\n",
       "</div>"
      ],
      "text/plain": [
       "                    fixedacidity  volatileacidity  citricacid  residualsugar  \\\n",
       "fixedacidity            1.000000        -0.256131    0.671703       0.114777   \n",
       "volatileacidity        -0.256131         1.000000   -0.552496       0.001918   \n",
       "citricacid              0.671703        -0.552496    1.000000       0.143577   \n",
       "residualsugar           0.114777         0.001918    0.143577       1.000000   \n",
       "chlorides               0.093705         0.061298    0.203823       0.055610   \n",
       "freesulfurdioxide      -0.153794        -0.010504   -0.060978       0.187049   \n",
       "totalsulfurdioxide     -0.113181         0.076470    0.035533       0.203028   \n",
       "density                 0.668047         0.022026    0.364947       0.355283   \n",
       "pH                     -0.682978         0.234937   -0.541904      -0.085652   \n",
       "sulphates               0.183006        -0.260987    0.312770       0.005527   \n",
       "alcohol                -0.061668        -0.202288    0.109903       0.042075   \n",
       "quality                 0.124052        -0.390558    0.226373       0.013732   \n",
       "\n",
       "                    chlorides  freesulfurdioxide  totalsulfurdioxide  \\\n",
       "fixedacidity         0.093705          -0.153794           -0.113181   \n",
       "volatileacidity      0.061298          -0.010504            0.076470   \n",
       "citricacid           0.203823          -0.060978            0.035533   \n",
       "residualsugar        0.055610           0.187049            0.203028   \n",
       "chlorides            1.000000           0.005562            0.047400   \n",
       "freesulfurdioxide    0.005562           1.000000            0.667666   \n",
       "totalsulfurdioxide   0.047400           0.667666            1.000000   \n",
       "density              0.200632          -0.021946            0.071269   \n",
       "pH                  -0.265026           0.070377           -0.066495   \n",
       "sulphates            0.371260           0.051658            0.042947   \n",
       "alcohol             -0.221141          -0.069408           -0.205654   \n",
       "quality             -0.128907          -0.050656           -0.185100   \n",
       "\n",
       "                     density        pH  sulphates   alcohol   quality  \n",
       "fixedacidity        0.668047 -0.682978   0.183006 -0.061668  0.124052  \n",
       "volatileacidity     0.022026  0.234937  -0.260987 -0.202288 -0.390558  \n",
       "citricacid          0.364947 -0.541904   0.312770  0.109903  0.226373  \n",
       "residualsugar       0.355283 -0.085652   0.005527  0.042075  0.013732  \n",
       "chlorides           0.200632 -0.265026   0.371260 -0.221141 -0.128907  \n",
       "freesulfurdioxide  -0.021946  0.070377   0.051658 -0.069408 -0.050656  \n",
       "totalsulfurdioxide  0.071269 -0.066495   0.042947 -0.205654 -0.185100  \n",
       "density             1.000000 -0.341699   0.148506 -0.496180 -0.174919  \n",
       "pH                 -0.341699  1.000000  -0.196648  0.205633 -0.057731  \n",
       "sulphates           0.148506 -0.196648   1.000000  0.093595  0.251397  \n",
       "alcohol            -0.496180  0.205633   0.093595  1.000000  0.476166  \n",
       "quality            -0.174919 -0.057731   0.251397  0.476166  1.000000  "
      ]
     },
     "execution_count": 27,
     "metadata": {},
     "output_type": "execute_result"
    }
   ],
   "source": [
    "wine.corr()"
   ]
  },
  {
   "cell_type": "code",
   "execution_count": 28,
   "metadata": {},
   "outputs": [
    {
     "data": {
      "text/html": [
       "<div>\n",
       "<style scoped>\n",
       "    .dataframe tbody tr th:only-of-type {\n",
       "        vertical-align: middle;\n",
       "    }\n",
       "\n",
       "    .dataframe tbody tr th {\n",
       "        vertical-align: top;\n",
       "    }\n",
       "\n",
       "    .dataframe thead th {\n",
       "        text-align: right;\n",
       "    }\n",
       "</style>\n",
       "<table border=\"1\" class=\"dataframe\">\n",
       "  <thead>\n",
       "    <tr style=\"text-align: right;\">\n",
       "      <th></th>\n",
       "      <th>fixedacidity</th>\n",
       "      <th>volatileacidity</th>\n",
       "      <th>citricacid</th>\n",
       "      <th>residualsugar</th>\n",
       "      <th>chlorides</th>\n",
       "      <th>freesulfurdioxide</th>\n",
       "      <th>totalsulfurdioxide</th>\n",
       "      <th>density</th>\n",
       "      <th>pH</th>\n",
       "      <th>sulphates</th>\n",
       "      <th>alcohol</th>\n",
       "      <th>quality</th>\n",
       "    </tr>\n",
       "  </thead>\n",
       "  <tbody>\n",
       "    <tr>\n",
       "      <th>fixedacidity</th>\n",
       "      <td>3.031416</td>\n",
       "      <td>-0.079851</td>\n",
       "      <td>0.227820</td>\n",
       "      <td>0.281756</td>\n",
       "      <td>0.007679</td>\n",
       "      <td>-2.800921</td>\n",
       "      <td>-6.482346</td>\n",
       "      <td>0.002195</td>\n",
       "      <td>-0.183586</td>\n",
       "      <td>0.054010</td>\n",
       "      <td>-0.114421</td>\n",
       "      <td>0.174424</td>\n",
       "    </tr>\n",
       "    <tr>\n",
       "      <th>volatileacidity</th>\n",
       "      <td>-0.079851</td>\n",
       "      <td>0.032062</td>\n",
       "      <td>-0.019272</td>\n",
       "      <td>0.000484</td>\n",
       "      <td>0.000517</td>\n",
       "      <td>-0.019674</td>\n",
       "      <td>0.450426</td>\n",
       "      <td>0.000007</td>\n",
       "      <td>0.006495</td>\n",
       "      <td>-0.007921</td>\n",
       "      <td>-0.038600</td>\n",
       "      <td>-0.056476</td>\n",
       "    </tr>\n",
       "    <tr>\n",
       "      <th>citricacid</th>\n",
       "      <td>0.227820</td>\n",
       "      <td>-0.019272</td>\n",
       "      <td>0.037947</td>\n",
       "      <td>0.039434</td>\n",
       "      <td>0.001869</td>\n",
       "      <td>-0.124252</td>\n",
       "      <td>0.227697</td>\n",
       "      <td>0.000134</td>\n",
       "      <td>-0.016298</td>\n",
       "      <td>0.010328</td>\n",
       "      <td>0.022815</td>\n",
       "      <td>0.035612</td>\n",
       "    </tr>\n",
       "    <tr>\n",
       "      <th>residualsugar</th>\n",
       "      <td>0.281756</td>\n",
       "      <td>0.000484</td>\n",
       "      <td>0.039434</td>\n",
       "      <td>1.987897</td>\n",
       "      <td>0.003690</td>\n",
       "      <td>2.758611</td>\n",
       "      <td>9.416441</td>\n",
       "      <td>0.000945</td>\n",
       "      <td>-0.018644</td>\n",
       "      <td>0.001321</td>\n",
       "      <td>0.063219</td>\n",
       "      <td>0.015635</td>\n",
       "    </tr>\n",
       "    <tr>\n",
       "      <th>chlorides</th>\n",
       "      <td>0.007679</td>\n",
       "      <td>0.000517</td>\n",
       "      <td>0.001869</td>\n",
       "      <td>0.003690</td>\n",
       "      <td>0.002215</td>\n",
       "      <td>0.002738</td>\n",
       "      <td>0.073387</td>\n",
       "      <td>0.000018</td>\n",
       "      <td>-0.001926</td>\n",
       "      <td>0.002962</td>\n",
       "      <td>-0.011092</td>\n",
       "      <td>-0.004900</td>\n",
       "    </tr>\n",
       "    <tr>\n",
       "      <th>freesulfurdioxide</th>\n",
       "      <td>-2.800921</td>\n",
       "      <td>-0.019674</td>\n",
       "      <td>-0.124252</td>\n",
       "      <td>2.758611</td>\n",
       "      <td>0.002738</td>\n",
       "      <td>109.414884</td>\n",
       "      <td>229.737521</td>\n",
       "      <td>-0.000433</td>\n",
       "      <td>0.113653</td>\n",
       "      <td>0.091592</td>\n",
       "      <td>-0.773698</td>\n",
       "      <td>-0.427907</td>\n",
       "    </tr>\n",
       "    <tr>\n",
       "      <th>totalsulfurdioxide</th>\n",
       "      <td>-6.482346</td>\n",
       "      <td>0.450426</td>\n",
       "      <td>0.227697</td>\n",
       "      <td>9.416441</td>\n",
       "      <td>0.073387</td>\n",
       "      <td>229.737521</td>\n",
       "      <td>1082.102373</td>\n",
       "      <td>0.004425</td>\n",
       "      <td>-0.337699</td>\n",
       "      <td>0.239471</td>\n",
       "      <td>-7.209298</td>\n",
       "      <td>-4.917237</td>\n",
       "    </tr>\n",
       "    <tr>\n",
       "      <th>density</th>\n",
       "      <td>0.002195</td>\n",
       "      <td>0.000007</td>\n",
       "      <td>0.000134</td>\n",
       "      <td>0.000945</td>\n",
       "      <td>0.000018</td>\n",
       "      <td>-0.000433</td>\n",
       "      <td>0.004425</td>\n",
       "      <td>0.000004</td>\n",
       "      <td>-0.000100</td>\n",
       "      <td>0.000048</td>\n",
       "      <td>-0.000998</td>\n",
       "      <td>-0.000267</td>\n",
       "    </tr>\n",
       "    <tr>\n",
       "      <th>pH</th>\n",
       "      <td>-0.183586</td>\n",
       "      <td>0.006495</td>\n",
       "      <td>-0.016298</td>\n",
       "      <td>-0.018644</td>\n",
       "      <td>-0.001926</td>\n",
       "      <td>0.113653</td>\n",
       "      <td>-0.337699</td>\n",
       "      <td>-0.000100</td>\n",
       "      <td>0.023835</td>\n",
       "      <td>-0.005146</td>\n",
       "      <td>0.033832</td>\n",
       "      <td>-0.007198</td>\n",
       "    </tr>\n",
       "    <tr>\n",
       "      <th>sulphates</th>\n",
       "      <td>0.054010</td>\n",
       "      <td>-0.007921</td>\n",
       "      <td>0.010328</td>\n",
       "      <td>0.001321</td>\n",
       "      <td>0.002962</td>\n",
       "      <td>0.091592</td>\n",
       "      <td>0.239471</td>\n",
       "      <td>0.000048</td>\n",
       "      <td>-0.005146</td>\n",
       "      <td>0.028733</td>\n",
       "      <td>0.016907</td>\n",
       "      <td>0.034413</td>\n",
       "    </tr>\n",
       "    <tr>\n",
       "      <th>alcohol</th>\n",
       "      <td>-0.114421</td>\n",
       "      <td>-0.038600</td>\n",
       "      <td>0.022815</td>\n",
       "      <td>0.063219</td>\n",
       "      <td>-0.011092</td>\n",
       "      <td>-0.773698</td>\n",
       "      <td>-7.209298</td>\n",
       "      <td>-0.000998</td>\n",
       "      <td>0.033832</td>\n",
       "      <td>0.016907</td>\n",
       "      <td>1.135647</td>\n",
       "      <td>0.409789</td>\n",
       "    </tr>\n",
       "    <tr>\n",
       "      <th>quality</th>\n",
       "      <td>0.174424</td>\n",
       "      <td>-0.056476</td>\n",
       "      <td>0.035612</td>\n",
       "      <td>0.015635</td>\n",
       "      <td>-0.004900</td>\n",
       "      <td>-0.427907</td>\n",
       "      <td>-4.917237</td>\n",
       "      <td>-0.000267</td>\n",
       "      <td>-0.007198</td>\n",
       "      <td>0.034413</td>\n",
       "      <td>0.409789</td>\n",
       "      <td>0.652168</td>\n",
       "    </tr>\n",
       "  </tbody>\n",
       "</table>\n",
       "</div>"
      ],
      "text/plain": [
       "                    fixedacidity  volatileacidity  citricacid  residualsugar  \\\n",
       "fixedacidity            3.031416        -0.079851    0.227820       0.281756   \n",
       "volatileacidity        -0.079851         0.032062   -0.019272       0.000484   \n",
       "citricacid              0.227820        -0.019272    0.037947       0.039434   \n",
       "residualsugar           0.281756         0.000484    0.039434       1.987897   \n",
       "chlorides               0.007679         0.000517    0.001869       0.003690   \n",
       "freesulfurdioxide      -2.800921        -0.019674   -0.124252       2.758611   \n",
       "totalsulfurdioxide     -6.482346         0.450426    0.227697       9.416441   \n",
       "density                 0.002195         0.000007    0.000134       0.000945   \n",
       "pH                     -0.183586         0.006495   -0.016298      -0.018644   \n",
       "sulphates               0.054010        -0.007921    0.010328       0.001321   \n",
       "alcohol                -0.114421        -0.038600    0.022815       0.063219   \n",
       "quality                 0.174424        -0.056476    0.035612       0.015635   \n",
       "\n",
       "                    chlorides  freesulfurdioxide  totalsulfurdioxide  \\\n",
       "fixedacidity         0.007679          -2.800921           -6.482346   \n",
       "volatileacidity      0.000517          -0.019674            0.450426   \n",
       "citricacid           0.001869          -0.124252            0.227697   \n",
       "residualsugar        0.003690           2.758611            9.416441   \n",
       "chlorides            0.002215           0.002738            0.073387   \n",
       "freesulfurdioxide    0.002738         109.414884          229.737521   \n",
       "totalsulfurdioxide   0.073387         229.737521         1082.102373   \n",
       "density              0.000018          -0.000433            0.004425   \n",
       "pH                  -0.001926           0.113653           -0.337699   \n",
       "sulphates            0.002962           0.091592            0.239471   \n",
       "alcohol             -0.011092          -0.773698           -7.209298   \n",
       "quality             -0.004900          -0.427907           -4.917237   \n",
       "\n",
       "                     density        pH  sulphates   alcohol   quality  \n",
       "fixedacidity        0.002195 -0.183586   0.054010 -0.114421  0.174424  \n",
       "volatileacidity     0.000007  0.006495  -0.007921 -0.038600 -0.056476  \n",
       "citricacid          0.000134 -0.016298   0.010328  0.022815  0.035612  \n",
       "residualsugar       0.000945 -0.018644   0.001321  0.063219  0.015635  \n",
       "chlorides           0.000018 -0.001926   0.002962 -0.011092 -0.004900  \n",
       "freesulfurdioxide  -0.000433  0.113653   0.091592 -0.773698 -0.427907  \n",
       "totalsulfurdioxide  0.004425 -0.337699   0.239471 -7.209298 -4.917237  \n",
       "density             0.000004 -0.000100   0.000048 -0.000998 -0.000267  \n",
       "pH                 -0.000100  0.023835  -0.005146  0.033832 -0.007198  \n",
       "sulphates           0.000048 -0.005146   0.028733  0.016907  0.034413  \n",
       "alcohol            -0.000998  0.033832   0.016907  1.135647  0.409789  \n",
       "quality            -0.000267 -0.007198   0.034413  0.409789  0.652168  "
      ]
     },
     "execution_count": 28,
     "metadata": {},
     "output_type": "execute_result"
    }
   ],
   "source": [
    "wine.cov()"
   ]
  },
  {
   "cell_type": "code",
   "execution_count": 32,
   "metadata": {},
   "outputs": [
    {
     "data": {
      "text/plain": [
       "<Axes: >"
      ]
     },
     "execution_count": 32,
     "metadata": {},
     "output_type": "execute_result"
    },
    {
     "data": {
